start=2011.809800
volume=90.000000
fullscreen=yes
